0 0.42265625 0.37265625 0.1703125 0.05625
0 0.41875 0.409375 0.165625 0.0484375
0 0.41484375 0.4875 0.16875 0.0515625
0 0.40625 0.5625 0.165625 0.046875
0 0.40078125 0.6390625 0.16875 0.05
0 0.40234375 0.603125 0.1703125 0.0453125
0 0.409375 0.5234375 0.171875 0.05625
0 0.1625 0.5140625 0.3015625 0.0890625
0 0.6390625 0.3921875 0.1703125 0.0578125
0 0.415625 0.4484375 0.1671875 0.0484375
0 0.4234375 0.33828125 0.1671875 0.034375
0 0.1734375 0.3328125 0.303125 0.06875
0 0.86328125 0.45 0.2734375 0.084375
0 0.86171875 0.51015625 0.2765625 0.0859375
0 0.63359375 0.4703125 0.165625 0.0515625
0 0.6265625 0.54765625 0.1640625 0.05
0 0.61953125 0.62265625 0.165625 0.05
0 0.6375 0.4328125 0.1625 0.0453125
0 0.62890625 0.5109375 0.1625 0.0484375
0 0.62421875 0.58515625 0.159375 0.05
0 0.61875 0.65546875 0.1640625 0.046875
3 0.17265625 0.3859375 0.2984375 0.0875
3 0.8578125 0.5765625 0.275 0.0828125
1 0.165625 0.4484375 0.3046875 0.090625
1 0.86640625 0.3859375 0.2671875 0.075
4 0.15546875 0.584375 0.3015625 0.0859375
4 0.85234375 0.640625 0.278125 0.0828125
0 0.42890625 0.28203125 0.1703125 0.05625
0 0.3828125 0.94609375 0.1703125 0.05625
0 0.43046875 0.24453125 0.165625 0.0484375
0 0.38359375 0.90859375 0.165625 0.0484375
0 0.4375 0.16640625 0.16875 0.0515625
0 0.390625 0.83046875 0.16875 0.0515625
0 0.4390625 0.09140625 0.165625 0.046875
0 0.39296875 0.75546875 0.165625 0.046875
0 0.44375 0.0203125 0.16875 0.040625
0 0.3984375 0.67890625 0.16875 0.05
0 0.440625 0.05078125 0.1703125 0.0453125
0 0.39375 0.71484375 0.1703125 0.0453125
0 0.43671875 0.13046875 0.171875 0.05625
0 0.38984375 0.79453125 0.171875 0.05625
0 0.190625 0.10546875 0.3015625 0.0890625
0 0.14765625 0.76953125 0.2953125 0.0890625
0 0.64609375 0.2921875 0.1703125 0.0578125
0 0.6 0.95625 0.1703125 0.0578125
0 0.4328125 0.20546875 0.1671875 0.0484375
0 0.38671875 0.86953125 0.1671875 0.0484375
0 0.425 0.31640625 0.1671875 0.034375
0 0.37890625 0.98046875 0.1671875 0.034375
0 0.1765625 0.2859375 0.303125 0.06875
0 0.140625 0.95 0.28125 0.06875
0 0.86953125 0.265625 0.2609375 0.084375
0 0.83359375 0.93046875 0.2796875 0.084375
0 0.871875 0.20546875 0.25625 0.0859375
0 0.8375 0.86953125 0.278125 0.0859375
0 0.6515625 0.21484375 0.165625 0.0515625
0 0.60546875 0.87890625 0.165625 0.0515625
0 0.65546875 0.13671875 0.1640625 0.05
0 0.609375 0.80078125 0.1640625 0.05
0 0.659375 0.06171875 0.165625 0.05
0 0.6125 0.72578125 0.165625 0.05
0 0.65078125 0.25234375 0.1625 0.0453125
0 0.60390625 0.91640625 0.1625 0.0453125
0 0.653125 0.17421875 0.1625 0.0484375
0 0.60625 0.83828125 0.1625 0.0484375
0 0.6578125 0.09921875 0.159375 0.05
0 0.61171875 0.76328125 0.159375 0.05
0 0.66328125 0.02890625 0.1640625 0.046875
0 0.61640625 0.69296875 0.1640625 0.046875
3 0.18359375 0.23359375 0.2984375 0.0875
3 0.14296875 0.896875 0.2859375 0.0875
3 0.875 0.13984375 0.25 0.0828125
3 0.8421875 0.80390625 0.275 0.0828125
1 0.184375 0.17109375 0.3046875 0.090625
1 0.1453125 0.834375 0.290625 0.090625
1 0.86796875 0.3296875 0.2640625 0.075
1 0.82890625 0.978125 0.2765625 0.04375
4 0.19453125 0.0390625 0.3015625 0.078125
4 0.14921875 0.69921875 0.2984375 0.0859375
4 0.87578125 0.07578125 0.2484375 0.0828125
4 0.8453125 0.740625 0.278125 0.0828125