0 0.425 0.37109375 0.1703125 0.059375
0 0.4203125 0.40859375 0.1671875 0.0515625
0 0.41484375 0.4859375 0.16875 0.0546875
0 0.40546875 0.5609375 0.1671875 0.05
0 0.3984375 0.63671875 0.1703125 0.053125
0 0.4 0.60078125 0.171875 0.0484375
0 0.40859375 0.521875 0.171875 0.059375
0 0.16171875 0.5078125 0.3015625 0.09375
0 0.640625 0.39453125 0.1703125 0.0609375
0 0.41640625 0.446875 0.16875 0.0515625
0 0.4265625 0.33671875 0.1671875 0.0375
0 0.1765625 0.32734375 0.303125 0.075
0 0.8640625 0.45703125 0.271875 0.0890625
0 0.86171875 0.5171875 0.2765625 0.090625
0 0.634375 0.47265625 0.165625 0.0546875
0 0.62578125 0.55 0.165625 0.053125
0 0.61796875 0.625 0.1671875 0.053125
0 0.6390625 0.43515625 0.1640625 0.0484375
0 0.62890625 0.5125 0.1640625 0.0515625
0 0.62265625 0.5875 0.1609375 0.053125
0 0.61640625 0.6578125 0.165625 0.05
3 0.175 0.38046875 0.2984375 0.0921875
3 0.85625 0.5828125 0.2765625 0.0875
1 0.16640625 0.4421875 0.3046875 0.096875
1 0.8671875 0.39296875 0.265625 0.0796875
4 0.1546875 0.578125 0.303125 0.090625
4 0.84921875 0.646875 0.2796875 0.0875
0 0.4328125 0.28046875 0.1703125 0.059375
0 0.375 0.94375 0.1703125 0.059375
0 0.434375 0.24296875 0.1671875 0.0515625
0 0.3765625 0.90625 0.1671875 0.0515625
0 0.44296875 0.165625 0.16875 0.0546875
0 0.38515625 0.82890625 0.16875 0.0546875
0 0.44609375 0.090625 0.1671875 0.05
0 0.38828125 0.75390625 0.1671875 0.05
0 0.45234375 0.0203125 0.1703125 0.040625
0 0.3953125 0.67734375 0.1703125 0.053125
0 0.4484375 0.05 0.171875 0.0484375
0 0.390625 0.71328125 0.171875 0.0484375
0 0.44296875 0.1296875 0.171875 0.059375
0 0.38515625 0.79296875 0.171875 0.059375
0 0.19765625 0.1 0.3015625 0.09375
0 0.1453125 0.7625 0.290625 0.09375
0 0.65 0.2953125 0.1703125 0.0609375
0 0.59140625 0.9578125 0.1703125 0.0609375
0 0.43828125 0.2046875 0.16875 0.0515625
0 0.3796875 0.8671875 0.16875 0.0515625
0 0.428125 0.31484375 0.1671875 0.0375
0 0.3703125 0.978125 0.1671875 0.0375
0 0.18046875 0.28046875 0.303125 0.075
0 0.13671875 0.94375 0.2734375 0.075
0 0.871875 0.27265625 0.25625 0.0890625
0 0.82578125 0.9359375 0.2796875 0.0890625
0 0.875 0.2125 0.25 0.090625
0 0.83125 0.87578125 0.278125 0.090625
0 0.65625 0.2171875 0.165625 0.0546875
0 0.5984375 0.88046875 0.165625 0.0546875
0 0.66171875 0.1390625 0.165625 0.053125
0 0.60390625 0.80234375 0.165625 0.053125
0 0.66640625 0.0640625 0.1671875 0.053125
0 0.60859375 0.72734375 0.1671875 0.053125
0 0.6546875 0.2546875 0.1640625 0.0484375
0 0.596875 0.91796875 0.1640625 0.0484375
0 0.65859375 0.1765625 0.1640625 0.0515625
0 0.60078125 0.83984375 0.1640625 0.0515625
0 0.66484375 0.1015625 0.1609375 0.053125
0 0.60703125 0.76484375 0.1609375 0.053125
0 0.67109375 0.03203125 0.165625 0.05
0 0.61328125 0.6953125 0.165625 0.05
3 0.18828125 0.228125 0.2984375 0.0921875
3 0.13984375 0.89140625 0.2796875 0.0921875
3 0.878125 0.146875 0.24375 0.0875
3 0.83671875 0.81015625 0.2765625 0.0875
1 0.190625 0.165625 0.3046875 0.096875
1 0.1421875 0.828125 0.284375 0.096875
1 0.86953125 0.33671875 0.2609375 0.0796875
1 0.81953125 0.9796875 0.2765625 0.040625
4 0.2015625 0.0375 0.303125 0.075
4 0.14765625 0.6921875 0.2953125 0.090625
4 0.87890625 0.0828125 0.2421875 0.0875
4 0.840625 0.74609375 0.2796875 0.0875