0 0.40390625 0.3859375 0.1703125 0.059375
0 0.40546875 0.4234375 0.1671875 0.0515625
0 0.4140625 0.5015625 0.16875 0.0546875
0 0.4171875 0.5765625 0.1671875 0.05
0 0.42421875 0.65234375 0.1703125 0.053125
0 0.41953125 0.6171875 0.171875 0.0484375
0 0.4140625 0.5375 0.171875 0.059375
0 0.16875 0.56640625 0.3015625 0.09375
0 0.6203125 0.371875 0.1703125 0.0609375
0 0.40859375 0.4625 0.16875 0.0515625
0 0.39921875 0.35234375 0.1671875 0.0375
0 0.1515625 0.3859375 0.303125 0.075
0 0.8546875 0.39375 0.2796875 0.0890625
0 0.86015625 0.4546875 0.278125 0.090625
0 0.62734375 0.45 0.165625 0.0546875
0 0.6328125 0.52734375 0.165625 0.053125
0 0.6375 0.60234375 0.1671875 0.053125
0 0.62578125 0.4125 0.1640625 0.0484375
0 0.6296875 0.490625 0.1640625 0.0515625
0 0.6359375 0.56484375 0.1609375 0.053125
0 0.6421875 0.63515625 0.165625 0.05
3 0.159375 0.4390625 0.2984375 0.0921875
3 0.86328125 0.51875 0.2734375 0.0875
1 0.16171875 0.5015625 0.3046875 0.096875
1 0.84921875 0.3296875 0.2765625 0.0796875
4 0.1734375 0.63671875 0.303125 0.090625
4 0.86484375 0.5828125 0.2703125 0.0875
0 0.39609375 0.29609375 0.1703125 0.059375
0 0.45390625 0.95859375 0.1703125 0.059375
0 0.39140625 0.25859375 0.1671875 0.0515625
0 0.44921875 0.921875 0.1671875 0.0515625
0 0.3859375 0.18046875 0.16875 0.0546875
0 0.44375 0.84375 0.16875 0.0546875
0 0.37578125 0.10625 0.1671875 0.05
0 0.434375 0.76953125 0.1671875 0.05
0 0.36953125 0.0296875 0.1703125 0.053125
0 0.42734375 0.69296875 0.1703125 0.053125
0 0.37109375 0.065625 0.171875 0.0484375
0 0.42890625 0.72890625 0.171875 0.0484375
0 0.3796875 0.1453125 0.171875 0.059375
0 0.4375 0.8078125 0.171875 0.059375
0 0.14140625 0.1578125 0.2828125 0.09375
0 0.190625 0.821875 0.3015625 0.09375
0 0.61171875 0.271875 0.1703125 0.0609375
0 0.66953125 0.93515625 0.1703125 0.0609375
0 0.3875 0.21953125 0.16875 0.0515625
0 0.4453125 0.8828125 0.16875 0.0515625
0 0.39765625 0.33046875 0.1671875 0.0375
0 0.45546875 0.98671875 0.1671875 0.0265625
0 0.14921875 0.3390625 0.2984375 0.075
0 0.2046875 0.98203125 0.303125 0.0359375
0 0.83828125 0.21015625 0.2796875 0.0890625
0 0.878125 0.87265625 0.24375 0.0890625
0 0.83359375 0.14921875 0.278125 0.090625
0 0.87578125 0.8125 0.2484375 0.090625
0 0.6046875 0.19453125 0.165625 0.0546875
0 0.66328125 0.8578125 0.165625 0.0546875
0 0.596875 0.11640625 0.165625 0.053125
0 0.6546875 0.7796875 0.165625 0.053125
0 0.58828125 0.0421875 0.1671875 0.053125
0 0.646875 0.70546875 0.1671875 0.053125
0 0.61015625 0.23125 0.1640625 0.0484375
0 0.66796875 0.89453125 0.1640625 0.0484375
0 0.6 0.15390625 0.1640625 0.0515625
0 0.6578125 0.8171875 0.1640625 0.0515625
0 0.59375 0.0796875 0.1609375 0.053125
0 0.6515625 0.7421875 0.1609375 0.053125
0 0.5875 0.0171875 0.165625 0.034375
0 0.6453125 0.67265625 0.165625 0.05
3 0.146875 0.28515625 0.29375 0.0921875
3 0.20390625 0.94921875 0.2984375 0.0921875
3 0.82734375 0.08359375 0.2765625 0.0875
3 0.8734375 0.746875 0.253125 0.0875
1 0.14453125 0.2234375 0.2890625 0.096875
1 0.1953125 0.8875 0.3046875 0.096875
1 0.84375 0.27421875 0.2765625 0.0796875
1 0.88203125 0.93671875 0.2359375 0.0796875
4 0.13828125 0.0890625 0.2765625 0.090625
4 0.18359375 0.75234375 0.303125 0.090625
4 0.81953125 0.03203125 0.2796875 0.0640625
4 0.86875 0.6828125 0.2625 0.0875