0 0.2734375 0.43671875 0.4171875 0.140625
0 0.7 0.3875 0.415625 0.1375
1 0.2875 0.52734375 0.4171875 0.1421875
2 0.30234375 0.61875 0.415625 0.1328125
4 0.71171875 0.47890625 0.4140625 0.1390625
3 0.71953125 0.5671875 0.4140625 0.1375
0 0.2578125 0.309375 0.4171875 0.140625
0 0.3328125 0.921875 0.4171875 0.140625
0 0.34375 0.98828125 0.409375 0.0234375
0 0.68359375 0.25390625 0.415625 0.1375
0 0.759375 0.86640625 0.415625 0.1375
1 0.25 0.2171875 0.4171875 0.1421875
1 0.325 0.8296875 0.4171875 0.1421875
2 0.24140625 0.12578125 0.415625 0.1328125
2 0.31640625 0.73828125 0.415625 0.1328125
2 0.2296875 0.0390625 0.4078125 0.06875
4 0.67265625 0.1625 0.4140625 0.1390625
4 0.74765625 0.775 0.4140625 0.1390625
3 0.65859375 0.07421875 0.4140625 0.1375
3 0.73359375 0.68671875 0.4140625 0.1375
3 0.6484375 0.01171875 0.40625 0.0234375