0 0.29375 0.3875 0.4171875 0.134375
0 0.7203125 0.43515625 0.415625 0.13125
1 0.28671875 0.47890625 0.4171875 0.1359375
2 0.28046875 0.57109375 0.4140625 0.1265625
4 0.7109375 0.5265625 0.4140625 0.1328125
3 0.6984375 0.61484375 0.4140625 0.13125
0 0.30703125 0.259375 0.4171875 0.134375
0 0.2421875 0.8734375 0.4171875 0.134375
0 0.2328125 0.96484375 0.409375 0.0625
0 0.734375 0.3015625 0.415625 0.13125
0 0.6703125 0.915625 0.415625 0.13125
1 0.31953125 0.16875 0.4171875 0.1359375
1 0.25546875 0.78203125 0.4171875 0.1359375
2 0.33203125 0.07734375 0.4140625 0.1265625
2 0.26796875 0.690625 0.4140625 0.1265625
2 0.33984375 0.01015625 0.4078125 0.0203125
4 0.74453125 0.21015625 0.4140625 0.1328125
4 0.6796875 0.8234375 0.4140625 0.1328125
3 0.75 0.12109375 0.4140625 0.13125
3 0.6859375 0.73515625 0.4140625 0.13125
3 0.759375 0.034375 0.40625 0.0625