0 0.29140625 0.390625 0.415625 0.128125
0 0.71953125 0.43125 0.4140625 0.125
1 0.28671875 0.4828125 0.415625 0.1296875
2 0.28203125 0.575 0.4140625 0.1203125
4 0.7109375 0.5234375 0.4125 0.125
3 0.70078125 0.61171875 0.4125 0.1234375
0 0.30234375 0.26328125 0.415625 0.128125
0 0.24921875 0.878125 0.415625 0.128125
0 0.240625 0.96875 0.409375 0.05625
0 0.73125 0.29765625 0.4140625 0.125
0 0.67734375 0.9125 0.4140625 0.125
1 0.3140625 0.171875 0.415625 0.1296875
1 0.26015625 0.78671875 0.415625 0.1296875
2 0.325 0.0796875 0.4140625 0.1203125
2 0.27109375 0.69453125 0.4140625 0.1203125
2 0.33203125 0.01015625 0.4078125 0.0203125
4 0.7390625 0.20546875 0.4125 0.125
4 0.68515625 0.8203125 0.4125 0.125
3 0.74375 0.11640625 0.4125 0.1234375
3 0.68984375 0.73125 0.4125 0.1234375
3 0.7515625 0.03046875 0.40625 0.05625